                1   2  3 4  5  6  7  8  9  10 11 12 13 14 15 16 17 18 19 20 21 22 23 24 25 26 27 28 29 30 31 32 33 34 35 36 37 38 39 40 41 42 43 44 45 46 47 48 49 50
Terminal NAME	54 56 4D 35 20 53 54 4F 43 4B 00 00 00 00 00 00 00 00 00 00 00 00 00 00 00 00 00 00 00 00 00 00 
Server Sync TS	56 E4 11 1E 
HW Settings 1	C1 05 00 01 
CAN Driver Name	45 6D 70 74 79 2E 63 64 66 00 FF FF FF FF FF FF 
CAN Driver TS	E1 87 E0 EA 
				
CAN Driver Data	01 01 00 00 03 E8 00 00 00 00 00 00 00 00 00 00 00 00 00 00 00 00 00 00 00 00 00 00 00 00 00 00 00 00 00 00 00 00 00 00 00 00 00 00 00 00 00 00 00 00
				00 00 00 00 00 00 00 00 00 00 00 00 00 00 00 00 00 00 00 00 00 00 00 00 00 00 00 00 00 00 00 00 00 00 00 00 00 00 00 00 00 00 00 00 00 00 00 00 00 00
				
HW Settings 2	FD 00 63 9D 00 FD 00 9C 00 00 7F 00 ED 00 ED FF FF FF FF FF 05 05 05 05 05 05 00 00 00 0A 00 0A 1E 00 01 01 02 00 00 01 00 01 F4 FF 03
				
WiFi Cfg		22 04 54 45 48 4E 4F 56 49 5A 4F 52 20 54 45 53 54 00 01 31 32 33 34 35 36 37 38 39 30 00 00 00 00 00 00 00 00 00 00 FF FF FF 00 C0 A8 04 01 03 4E 6F
				4E 65 74 00 00 00 00 00 00 00 00 00 00 00 00 00 00 00 00 00 00 00 00 00 00 00 00 00 00 00 00 00 00 00 00 FF FF FF 00 C0 A8 00 01 00 50 B0 00 00 00 07
				03 B0 00 84 00 00 00 41 5D 8B 74 00 00 00 00
				
Server Address	77 77 77 2E 74 76 7A 63 6F 6E 6E 65 63 74 2E 72 75 00 00 00 00 00 00 00 00 00 00 00 00 00 00 00 00 00 00 00 00 00
Server Port		07 06
HW Settings 3	FF FF FF FF FF FF FF FF FF FF FF FF FF FF FF FF FF FF FF FF
Проверочный		83 

 
 
               

