head+answer = AA 0F 
ProdDate = 12 0B 16 
sn = 70 00 05 25 
Coding = 8A 00 00 00
SW = 06 11 01 09 16 

        1  2  3 4  5  6  7  8  9  10 11 12 13 14 15 16 17 18 19 20 21 22 23 24 25 26 27 28 29 30 31 32 
NAME = 54 56 4D 20 53 54 4F 43 4B 20 53 54 4D 33 32 46 31 30 33 20 42 4C 20 35 2E 30 33 20 4C 4F 43 4B 


MAC_AP = 03 C6 5B BE 56 CF 
MAC_ST = B0 C4 5B BE 56 CF 
GSM_ENB = B0 

          1  2  3  4  5  6  7  8  9 10 11 12 13 14 15 16 17 18 19 20 21 
SIM_ID = 00 00 00 00 00 00 00 00 00 00 00 00 00 00 00 00 00 00 00 00 00 
check = 84 
-------------------------------

F0 05 03 0A 02 14 53 54 4D 33 32 46 31 30 33 20 00 70 7A 

04 03 16 
43 4D 04 15 
00 00 00 88 05 4D 18 09 12 54 56 4D 35 20 53 54 4F 43 4B 00 00 00 00 00 00 00 00 00 00 00 00 00 00 00 00 00 00 00 00 00 00 03 82 7D 3A 12 62 5F 80 7D 3A 12 62 5F 00 00 00 00 00 00 00 00 00 00 00 00 00 00 00 00 00 00 00 00 00 8A 